Pals
====

Bin		Dec	Desc

8421

0001 		1	Copes
0010 		2	Bastus
0100 		4	Espases
1000 		8	Orus

Es podria solucionar amb dos bits:

00 Copes
01 Bastus
10 Espases
11 Orus

Cartes
======

128 64 32 16 8421

  0  0  0  1 0001	16+1	17 ok
  0  0  0  1 0010	16+2	18 ok
  0  0  0  1 0011	16+3	19 ok
  0  0  0  1 0100	16+4	20 ok
  0  0  0  1 0101	16+5	21 ok
  0  0  0  1 0110	16+6	22 ok
  0  0  0  1 0111	16+7	23 ok
  0  0  0  1 1000	16+8	24 ok
  0  0  0  1 1001	16+9	25 ok
  0  0  0  1 1010	16+10	26 ok
  0  0  0  1 1011	16+11	27 ok
  0  0  0  1 1100	16+12	28 ok

  0  0  1  0 0001	32+1	33 ok
  0  0  1  0 0010       32+2    34 ok
  0  0  1  0 0011       32+3    35 ok
  0  0  1  0 0100       32+4    36 ok
  0  0  1  0 0101       32+5    37 ok
  0  0  1  0 0110       32+6    38 ok
  0  0  1  0 0111       32+7    39 ok
  0  0  1  0 1000       32+8    40 ok
  0  0  1  0 1001       32+9    41 ok
  0  0  1  0 1010       32+10   42 ok
  0  0  1  0 1011       32+11   43 ok
  0  0  1  0 1100     	32+12   44 ok

  0  1  0  0 0001	64+1	65 ok
  0  1  0  0 0001       64+2    66 ok
  0  1  0  0 0001       64+3    67 ok
  0  1  0  0 0001       64+4    68 ok
  0  1  0  0 0001       64+5    69 ok
  0  1  0  0 0001       64+6    70 ok
  0  1  0  0 0001       64+7    71 ok
  0  1  0  0 0001       64+8    72 ok
  0  1  0  0 0001       64+9    73 ok
  0  1  0  0 0001       64+10   74 ok
  0  1  0  0 0001       64+11   75 ok
  0  1  0  0 0001       64+12   76 ok

  1  0  0  0 0001       128+1    129 ok
  1  0  0  0 0001       128+2    130 ok
  1  0  0  0 0001       128+3    131 ok
  1  0  0  0 0001       128+4    132 ok
  1  0  0  0 0001       128+5    133 ok
  1  0  0  0 0001       128+6    134 ok
  1  0  0  0 0001       128+7    135 ok
  1  0  0  0 0001       128+8    136 ok
  1  0  0  0 0001       128+9    137 ok
  1  0  0  0 0001       128+10   138 ok
  1  0  0  0 0001       128+11   139 ok
  1  0  0  0 0001       128+12   140 ok
